276932
30678
420763
244875
344588
27430
34321
36158
172307
462033
476384
67230
141225
625424
99420
337025
24540
236048
17218
66900
197098
39847
99455
87376
320033
289839
430343
251127
44041
95280
172307
94133
13257
68666
220816
67230
10659
90911
351782
223991
190266
2598
545865
223991
10659
568249
307406
360551
338610
332131
29576
68666
495325
127760
134192
184459
297140
534044
123819
285582
153672
130519
72203
68610
109360
38781
34655
108333
143985
100931
95280
506966
100931
126259
29723
121068
197463
164569
78758
14220
8266
134192
105789
8266
267071
569291
388680
280955
10659
181954
228096
48622
388680
2598
90489
179938
569512
1854
551337
244875
245345
201670
300900
127760
80158
116384
605
300404
263953
267695
24540
17511
121068
34655
521674
70877
331345
-1
553309
261224
473112
278277
68666
44590
2598
36106
586674
360551
2598
283255
53251
501571
166387
14884
261224
214516
6069
34655
127760
181954
68666
61223
352929
413185
2598
569932
496084
127458
513807
52764
43942
43785
449087
100220
91109
267071
513807
267973
279643
378418
95280
291691
168656
568249
27430
154468
121068
14220
257125
197463
92900
285582
94918
282061
43785
121068
94133
285582
43785
518046
329194
346335
331345
14220
264717
173655
164569
388625
199120
43785
37891
1854
2598
267071
355704
344588
2598
159907
94133
34321
70877
340824
189502
309122
267973
220449
10659
226356
489873
415397
131740
161243
37891
391432
251127
320033
190266
496706
623501
72203
360551
199120
67230
149579
306858
70877
17218
25158
276932
34655
274816
181954
74538
100931
442435
283410
173655
392247
82579
411650
3154
1854
84660
13257
34655
274144
148561
48622
80158
55224
121068
344429
10659
134192
13257
29576
134954
25158
-1
240313
2598
61223
20011
84702
154893
559206
257125
70824
431143
143985
331712
368402
316435
178420
16415
471295
174583
163010
95280
309205
235748
480350
437829
527256
134186
36106
55224
390938
48622
30500
82579
216744
568703
263953
257577
68666
285582
250211
206638
70877
99420
144292
368209
52041
580098
344588
44041
91109
134954
267973
17218
53251
20011
235748
440124
88746
117101
34655
157014
625424
311376
84660
29723
134954
44041
95280
280955
148561
257164
331345
244875
247900
20011
36158
158942
401120
216744
43785
43942
134954
254400
339226
18587
104305
289839
253251
70824
66900
251127
-1
236465
68666
67230
6069
251127
16415
45043
25158
307406
141225
171225
300900
18587
164041
331712
14220
44590
263845
201670
48622
20011
70824
127458
386415
68666
462446
480350
144292
220816
14220
208342
84660
43785
551337
250211
90489
534307
133027
122460
121068
307406
502033
339226
74538
480291
605
134954
443893
331712
72203
197098
496799
95280
83897
267220
264717
137167
24540
76140
431143
174246
199871
244875
475478
105789
418637
496799
25158
199120
91109
80158
251127
209070
264717
68666
27430
17511
407637
349476
70877
95280
199120
70824
216744
36158
427510
391432
514198
312661
317588
197991
352929
161243
34321
374959
417824
480350
97199
449087
11358
475090
20011
62344
29723
20011
269870
3154
153043
368209
146393
317588
199120
127760
259866
161243
88212
3154
420330
154468
89507
349476
582691
145008
489585
145008
515297
263845
514198
108333
11358
127760
197098
78758
431143
326443
37891
3154
480350
108333
33262
284728
220816
289121
20011
130519
257125
79977
148561
552264
338610
67230
94133
618789
480350
6069
134192
432545
134186
289839
119078
267964
216744
164041
68610
-1
52799
261224
285582
122460
11358
429809
253251
217010
134954
44590
154893
36158
279934
311004
115333
153043
517201
359036
164041
48622
267071
337025
95280
236465
506966
17511
427510
96654
63189
143985
43785
172307
171225
76140
131740
153741
72203
52764
172307
34655
462033
260033
276932
20011
164569
166387
43785
164920
108333
437829
16034
284728
43785
88746
134954
121068
285582
20011
489873
387835
122287
553600
36158
553309
127760
61223
100931
68610
83775
87376
133027
338610
173655
38781
244875
320033
70824
474628
100931
27430
438764
153741
378972
284728
306858
190266
33262
251077
181954
337025
143985
127760
27430
146393
406452
79977
545429
553309
431143
588537
96654
10659
328172
145008
235748
584491
11358
496084
1854
179938
320562
100407
388680
320562
94133
36158
303020
113413
45597
8266
312661
34655
48622
130519
121068
487486
-1
83775
552264
187745
282061
166387
430343
174583
392247
240313
123819
391432
165112
44041
399641
326443
159907
267964
245345
580826
423965
280452
392247
48622
580826
29576
495851
177108
413185
159907
38754
167865
264717
36158
70877
290199
514198
96654
52799
326443
390938
20011
144292
283255
495325
43785
285582
127760
265060
70877
34655
145008
154468
440124
237755
95280
333699
1854
108333
83775
24540
197935
240956
337025
307708
474940
108333
3154
17218
62344
174246
123819
34321
108333
157014
171225
251127
456362
88746
52041
326443
165300
392247
434630
121068
461006
134850
48622
267964
134192
79977
158942
337025
20011
91109
283255
94133
137167
259866
593311
240956
307406
70877
209070
159907
338610
96654
-1
32110
420763
296154
235748
161243
265060
48622
235748
366434
294735
629609
32110
134954
68610
68666
38781
85253
398436
401120
90911
62344
130519
82486
388625
390938
340645
27430
84702
580826
307708
401889
545865
100220
267695
68666
558362
413991
105789
174246
95280
331712
63189
374959
100407
36158
360635
95280
126259
79977
62344
84660
320033
240313
240313
43785
27430
70877
257125
70824
309078
251127
344429
36158
534044
484995
568801
104305
146393
216744
84020
123819
203767
321799
235748
17218
70877
43785
257125
236465
291040
289839
87376
154468
303020
108333
420763
96654
84020
2598
-1
88212
131125
70877
20011
234495
167865
45816
17218
476384
506966
72203
261224
133027
208342
94788
108333
121068
14220
20011
64676
17218
33106
220816
440124
1854
34655
409094
145366
378972
174583
480291
33262
171225
17218
392602
413991
34321
121068
261224
134192
415397
-1
216744
267071
14220
17511
197463
209070
43785
34655
146393
546090
39847
53251
282061
475563
415397
312661
133404
386415
303020
20011
245345
189502
84020
17218
208473
83897
171225
417947
80158
134192
72203
321931
100407
157014
68666
247900
96654
429611
145366
113413
508016
48622
413185
72203
84702
368524
123509
417824
251077
267695
3154
431143
172307
-1
197463
331345
167865
346335
105789
346335
20011
82579
277434
119078
224968
283060
14220
20011
245345
105789
320562
78758
18587
257577
123819
1854
10659
539953
52041
72203
123819
36106
133435
34655
34655
297140
209070
134954
99455
17218
263953
321799
489585
251127
34655
70877
501538
166387
52041
33106
489873
264717
195307
467010
70824
104305
89698
134954
79977
8266
24540
253251
251893
434630
87376
68666
580826
475478
1854
18587
409094
420763
257125
91109
289839
236465
121068
197463
201670
84660
171225
62344
409094
61223
90911
257125
496084
462033
30678
36158
133435
573822
6069
3154
11358
43942
431143
506966
164920
480350
82579
84702
100220
569291
240313
91109
38754
84702
94918
88746
360551
511782
-1
495851
-1
52041
390938
534044
290218
45597
20011
80158
626579
245345
390945
267071
-1
276932
88746
95280
16415
34655
44041
44590
197991
96654
224968
174246
603986
17218
122460
360551
1854
17218
199871
1854
257164
159907
339226
37891
79977
274144
34321
425160
45816
350152
121068
267964
476384
94918
181954
2598
2598
261224
539953
283255
121068
240313
279643
346335
53251
13257
90911
73045
456362
108333
184459
10659
119078
87376
29662
83775
95280
567330
424933
44041
43785
3154
3154
529257
45597
87376
153672
197935
70877
-1
145366
374959
44041
344047
70877
159907
158942
260033
325285
261203
83775
189502
14220
95280
34321
307708
70877
45602
45816
14220
45043
429611
11358
245345
476384
206638
392247
122287
90911
251127
100220
316435
134186
52764
70877
307366
20011
616854
3154
217010
437829
557087
149579
178420
189502
476384
182756
434630
127440
14884
559206
127440
442435
30500
331345
148561
411312
14220
68666
143985
44590
430343
36158
331712
84702
33262
306858
6069
180573
17218
244875
127760
154893
3154
489585
153741
68666
83775
79490
30678
127760
267071
44590
197991
34655
84702
43785
24540
145008
131125
203767
37891
553309
507465
100220
228096
95280
36158
257125
245345
263845
350152
9980
104305
223991
245345
6069
267695
435224
29723
91109
168093
68666
307406
253251
320562
616854
409094
536641
55224
55224
2598
17511
558362
29576
149579
327343
17511
289121
134954
257164
121068
16034
10659
391432
14220
83897
38754
349476
29576
154468
311004
360551
30500
274144
267973
123819
34655
127760
159907
80158
518046
72203
276932
127760
16415
199120
320562
14884
309205
263953
228096
467010
94918
311376
502758
6069
584491
552264
121068
626579
38754
477930
391534
94918
63189
6069
153672
584756
13257
626458
25158
257164
108333
119078
20011
173655
24540
495851
253251
208473
11358
197935
53251
165112
197098
534307
277434
168093
10659
408129
78758
122460
429611
32110
17218
14220
224968
480291
568249
267220
83775
6069
263953
52764
43785
189502
149383
134186
490166
87376
52041
164920
429809
449087
30500
123509
78758
309122
27430
604993
104305
141225
43785
390938
513807
429867
63189
282061
283410
145366
502758
429490
55956
127760
174583
-1
513529
18587
289839
392602
431143
495717
349476
558362
100220
36158
30678
409094
52764
461994
251127
283410
154893
70877
456924
70877
531674
137612
344588
173655
108333
95280
182756
300404
209070
197935
209070
95280
67230
6069
143985
91109
127760
605
78758
127760
354133
55224
43942
480350
38781
45597
261224
432545
244875
137167
9980
223991
52764
30500
34321
108333
144292
189502
28578
8266
43942
134954
297140
108333
89698
482626
29723
76140
87376
172307
70877
164041
17218
73045
133404
113413
235748
361583
428956
92900
391432
180573
312661
-1
27430
181954
586300
245345
307366
476384
53251
-1
473227
289121
95280
495717
27430
145008
63189
331712
17218
154468
164569
257164
122287
489585
267964
133027
399641
285582
553309
489585
127760
44041
285582
525347
352929
14884
323528
594442
568249
495851
429809
417947
285582
378418
320562
261224
63189
344588
33262
116579
346335
320033
115333
326443
251077
153741
88746
79977
52041
240313
174246
251893
121068
90911
20011
430343
577302
70824
462446
83775
17218
245345
247900
87376
171225
396781
291125
85253
83775
33262
184459
449087
257125
181954
471295
104305
189502
626579
122287
502758
277434
72203
164569
70877
420763
25158
234495
352929
70877
432992
388625
33106
300900
64676
283410
199871
6069
154468
282061
459382
121068
263845
88746
70877
283410
350152
346335
503826
461750
495717
620213
611289
163245
72203
-1
435220
605
121068
1854
70877
508016
121068
374959
68666
43785
20011
244875
109360
480350
99455
311376
10659
80158
344429
149132
14884
313648
78758
68610
220816
52799
43785
36158
10659
14220
6069
407637
80158
611594
96654
283410
52799
474628
307708
178420
267964
2598
1854
27430
38754
261224
339226
72203
1854
116384
462033
63189
432545
391432
267973
501571
72203
209070
480350
443893
33262
13257
349476
359252
391432
300404
44590
161243
55956
37891
235748
24540
407953
24941
577302
17218
276932
329194
508016
17218
17218
30500
-1
10659
387835
437829
167865
568249
440124
626579
20011
586674
474940
261224
55956
91109
48622
228096
545429
263953
303020
78758
131125
179938
514198
13257
115333
32110
629609
10659
394150
70877
27430
407953
580098
100220
8266
148561
116384
48622
174246
583952
99455
149579
13257
29576
291040
490166
392602
508016
134954
489585
143985
2598
197463
240956
127760
1854
121068
133027
388625
34655
8266
518276
95280
278277
127760
29723
28578
29662
307406
127440
74538
257125
611289
168093
131125
32110
320562
20011
108333
84020
390945
148561
267973
415397
121068
283410
291691
284728
134954
14220
333699
392602
174583
10659
17218
87376
244875
313648
220816
126259
374959
332366
257125
473227
137612
180573
461750
327343
276932
274816
88212
245345
44041
276932
17218
36158
329194
17218
209070
545865
48622
74538
244875
534307
134192
180573
127760
-1
24540
97199
24941
311376
282061
312661
214516
197463
557087
489585
53251
2598
468623
44590
14220
33262
100407
431143
87376
250211
63189
144292
134186
473227
143985
412664
577302
30678
20011
195885
432545
11358
-1
43942
6069
240956
79490
157014
137167
154468
392602
83775
17218
96654
267973
235748
163010
34655
92900
13257
199871
82486
626579
290218
34655
557087
267071
306858
20011
3154
209070
496799
291691
282061
346335
99420
163010
409094
144292
251127
76140
234495
134192
368209
333699
8266
206638
398436
565057
28578
173655
216744
573822
28578
64676
553309
309122
44590
532758
38781
134186
480350
52764
285273
374959
104305
137612
199871
-1
482626
67230
117101
163245
349476
84702
153043
344588
14220
17218
-1
508016
48622
407953
306858
34321
122460
289121
55956
44590
300404
257164
141225
53251
108333
108333
251127
331345
84020
456362
179938
251127
420763
399641
29662
62344
30500
284728
161243
616854
480350
311376
3154
70877
508016
96654
133404
539953
432545
108333
34655
195307
154468
199871
66900
83897
6069
161243
78758
8266
88212
100931
137612
508124
33262
100220
279643
309122
36158
154893
17218
319568
475090
55224
247900
558362
17218
327343
24540
206638
534307
390806
206638
20011
14220
131125
20011
17218
489585
24540
297699
285582
164041
8266
206638
495851
220816
352929
197991
391432
1854
484995
148561
34321
199120
-1
349476
482626
164041
127458
16034
333699
307708
20011
78758
580416
29662
3154
126259
471295
284728
307708
141225
70877
300404
316435
43785
68610
303020
326443
209070
34655
251127
522583
45816
360551
574181
429611
264717
68666
477930
85253
52041
20011
83897
590270
53251
116384
68610
172307
20011
94133
146393
411650
278277
16415
264717
495851
350685
27430
534307
378418
432545
99420
36158
495851
413991
316435
344588
539567
38754
148561
10659
201670
30678
134186
13257
331345
431446
276932
127760
44590
115333
-1
267071
284728
482626
78758
36106
300900
145366
545429
83897
378972
90911
555987
66900
338610
269870
359036
134192
251127
157014
95280
417832
66900
267695
417832
14220
285582
82486
10659
126259
349681
378972
224968
264717
320033
95280
78758
285582
10659
13257
90489
361583
178420
34321
350152
134192
167865
430343
44590
148561
267071
14220
20011
70877
122460
588537
121068
29576
559206
27430
48622
164569
179938
267964
199120
181954
68666
82486
456362
429490
197935
514198
27430
17218
32110
127760
197935
568703
131125
359036
532758
283060
44590
461750
104305
17218
236048
116384
27430
174583
90489
297699
134192
131740
558362
223991
62344
78758
291040
33106
43785
424933
507465
38781
61223
153741
44590
217010
3154
11358
195307
307708
64676
63189
119078
220449
146393
-1
616854
11358
78758
61223
3154
64676
197463
6069
3154
2598
344429
44590
91109
199871
474628
427510
122460
511782
131125
279643
391432
251127
329194
141225
320562
52799
72203
276932
48622
33262
471295
438764
153672
159907
133404
24540
289121
45602
223991
64676
8266
368402
137167
87376
96654
17218
291691
431143
349476
240956
180573
14220
48622
224968
208342
66900
116384
427510
79977
105789
594015
11358
372539
346335
134192
100220
349476
87376
95280
82486
20011
257125
430343
16415
545429
130519
70877
346335
251127
473112
61223
53251
82579
17218
474628
388831
10659
496084
85253
569512
121068
134192
84660
284728
1854
10659
-1
44590
338610
331712
17218
214516
48622
438764
29723
350152
9980
134186
90489
161243
48622
37891
67230
157195
96654
285582
311376
378418
96654
53251
157195
61223
45602
267964
68610
99420
527256
311376
220449
267973
267071
11358
203767
251127
148561
164041
130519
1854
99455
109360
350152
220449
127760
154893
174246
108333
10659
285582
208473
1854
20011
605
133027
11358
605
261224
82486
154893
-1
359036
327343
245345
14220
323377
154468
279934
173655
267071
44590
197935
48622
501571
279643
251127
513807
-1
43785
-1
78758
312661
163245
33106
359036
260033
39847
489585
90489
274816
13257
34655
90489
199871
80158
63189
33262
2598
44590
72203
590270
16415
-1
345395
574181
3154
-1
165300
55224
43785
184459
416433
280955
134850
417832
63189
333699
600457
344588
214516
84660
174583
189502
251077
45597
100931
52041
291125
27430
223991
417824
417399
63189
28578
148561
38754
78758
197935
83775
20011
3154
267964
251127
558362
480350
145366
565845
340824
507476
396781
14220
84702
134192
2598
-1
311376
115333
134192
28578
130519
92900
264717
172307
94918
261224
521528
48622
174583
153741
496706
145366
429809
340824
473112
17218
87376
267973
340824
282061
197463
100407
401889
251127
73045
24540
79977
2598
90911
346335
553600
171225
73045
68666
166387
471295
161243
240313
53251
44590
552627
307708
317588
349476
189502
349476
245345
331345
311004
13257
1854
518276
250211
584491
321931
555987
309205
-1
104305
117101
214516
244875
39847
84702
257125
234495
38754
340824
552627
605
290218
429490
514198
153741
38754
418637
36158
501571
2598
179938
197991
79977
131740
473227
154468
316435
145008
548981
52041
52041
495325
89698
297699
338610
17511
303020
274816
80158
43785
173655
331345
78758
197098
391432
306858
149383
44041
153672
10659
372539
216744
251127
146393
319568
83775
78758
311376
502758
392602
99420
164041
133027
167865
10659
285582
388625
323528
108333
119078
17511
317588
55956
2598
34655
14220
368755
87376
197463
116579
32110
172307
-1
303020
388680
413185
84020
153672
70877
257125
28578
127760
13257
70877
105789
70877
350685
430343
197098
14220
529257
24540
289121
91109
226356
297699
73045
391432
329194
177108
240313
16415
161243
2598
475478
220816
53251
87376
68666
52041
100220
240313
52041
90489
63189
17218
89698
-1
78758
17218
267695
411312
13257
360551
99420
503826
349681
64676
430343
495851
475090
63189
14220
181954
388625
70877
88212
180573
100931
108333
159907
32110
174583
74538
300900
14220
-1
333699
501571
261224
290199
-1
261224
240956
68610
429490
153741
388680
378972
413991
74538
55956
78758
97199
134954
143985
456172
260033
263845
282061
583952
127440
199871
168656
55224
344429
552264
197991
518276
327343
95280
113413
1854
277500
320562
67230
431446
220449
290218
83897
506966
38781
234495
282061
331345
157014
378972
181954
629609
20011
87376
52764
122287
127760
355704
565845
2598
338610
429809
344429
561231
267071
429867
568249
164920
134954
495851
415397
309205
337025
595152
333699
251127
456362
88746
38754
428956
297699
368524
92900
349476
90489
494284
123819
580098
52041
309122
-1
276932
391432
134186
411312
-1
36158
20011
368402
44041
68610
18587
36106
66900
320033
620213
228096
100407
100407
243877
10659
515297
122460
20011
43785
426586
332131
257125
1854
92900
309122
44041
8266
214516
24941
44041
92900
90911
247900
64676
337025
99420
328172
20011
96654
203767
179938
13257
94918
32110
495851
197991
6069
320033
263953
130519
154893
413185
29723
495851
10659
279934
100220
-1
133404
234495
333699
605
153043
474628
89507
462033
1854
11358
37891
87376
20011
74538
605
174246
283410
289121
143985
340824
20011
390938
172307
52799
331712
55224
149579
236465
-1
36158
417399
68666
149261
119078
480350
30678
181954
20011
130519
121068
228096
78758
43942
323528
276932
532758
257125
20011
501571
-1
38754
38754
17218
14220
63189
459382
87376
349476
320033
326443
350685
223991
82486
172307
557087
45597
264717
90489
80158
313648
338610
3154
360635
534044
503826
83775
251127
307366
17218
1854
349476
423965
95280
84020
68666
244875
78758
146393
283255
83775
121068
55224
368755
30678
307366
285273
2598
123509
127458
-1
104305
182756
462033
117101
236048
236465
24941
70877
95280
368402
70877
95280
166387
261224
264717
36158
366434
195307
100931
297140
137612
11358
153741
95280
126259
201670
264717
164041
392602
354133
594442
34655
309205
94133
127458
44041
17218
85253
11358
157014
209070
350685
220449
423965
100931
321931
6069
190266
94133
55224
344588
352929
276932
84660
53251
374959
461750
449087
84660
443893
3154
496706
292724
154893
34655
333699
13257
70877
87376
432545
91109
501538
307366
285273
78758
233989
290199
89698
368209
257125
208473
197463
164920
167865
143985
90489
388680
532736
85253
181954
44041
417824
593311
284728
61223
321799
240313
158942
407953
74538
432545
172307
297699
417824
501571
161243
431143
30500
38754
289121
552011
80158
95280
91109
95280
6069
197463
127760
24540
197463
134954
154468
17218
67230
2598
119078
263845
289121
10659
92900
326443
195885
70877
496084
61223
38754
197463
27430
94133
137167
8266
285582
45602
415397
68666
154468
282061
38781
95280
20011
92900
235748
55956
594955
144292
134954
83897
329194
264717
257125
14220
163245
580098
87990
545865
55224
309078
78758
148561
507476
20011
134954
63189
307708
89698
514198
34655
105789
44590
263845
584491
108333
68666
476384
6069
55224
25158
17218
387835
134850
214516
134192
274144
2598
17218
145366
223991
378972
429809
88212
122287
344588
119078
514198
62344
133435
145008
25158
317588
484995
27430
146393
96654
20011
3154
274816
95280
34655
197463
240313
197991
214516
411650
18587
259866
84660
94918
33106
20011
73045
263845
574181
141225
96654
517201
83775
88212
462446
159907
66900
408129
11358
29576
199871
100220
297140
79977
67230
34655
181954
378972
584756
36158
17218
10659
323528
25158
30500
-1
316435
20011
174246
597333
99455
29576
321931
495851
70877
180573
257125
33106
14220
72203
168656
113413
420763
197935
13257
545429
133435
29576
134954
48622
105789
116384
88746
115333
220816
245345
594015
539567
253251
24540
401120
44590
34655
171225
52041
429809
84660
27430
172307
127760
68666
10659
261224
88746
122460
89507
34321
495325
206638
70877
307406
141225
1854
336805
333699
95280
495851
133027
159907
33106
284728
195885
1854
153741
52041
344429
421907
95280
568801
38754
89698
482626
408129
320562
417824
172307
349476
338610
380283
328172
361583
167865
172307
148561
146393
66900
154468
80158
605
36158
437829
311376
340824
100220
144292
496084
34655
265060
165300
154468
70877
148561
70877
148561
63189
24540
588537
13257
83775
190266
45816
430343
14220
64676
240313
541851
159907
331712
44041
164041
87376
247900
133404
307708
70877
250211
52799
-1
43785
68666
122460
431143
32110
265060
245345
532736
90911
573822
309205
72203
134186
52764
289839
573822
277434
181954
338610
11358
87376
423965
88212
18587
94133
584756
278277
157014
104305
96654
134186
17218
52764
6069
216744
126259
245345
53251
428956
317588
618789
43785
261224
17218
274144
2598
534293
251127
134192
349476
319568
590690
8266
551337
576515
14220
8266
18587
425160
344429
417824
44041
511782
263953
80158
24540
149383
261203
95280
559206
165300
208529
90911
100220
164569
355704
434630
267964
251127
134186
20011
130519
320033
67230
165112
168093
153741
44590
88746
100220
303020
100407
580826
208473
164920
149579
95280
313648
206638
17218
359036
259866
34655
122287
44590
321931
235748
251893
159907
96654
61223
309122
576515
24941
559206
594375
127760
14220
70877
20011
480350
153043
157014
349476
461994
74538
331712
577302
179938
208342
131740
553600
32110
323528
13257
14220
167865
44590
90911
6069
355704
70877
16034
285273
83775
27430
623501
63189
3154
87376
577984
8266
263953
496706
68610
159907
359252
-1
307708
251127
79977
52764
346335
30678
593311
421907
224968
108333
263953
-1
594375
43942
172307
14220
85253
149261
172307
456172
1854
263953
461750
83775
113413
84660
577984
104305
108333
-1
153672
14220
320033
144292
217010
89507
13257
264717
127760
307708
166387
137167
425160
88212
39847
398436
388680
388625
148561
307708
569291
45043
133435
177108
43785
475090
339226
416433
82579
163245
569932
100220
66900
74538
391432
17218
143985
555987
96654
579909
119078
1854
147185
133027
100220
96654
523501
83897
149261
415397
34321
495851
29662
495325
74538
234495
508016
8266
423965
147185
289839
149925
147185
127760
294735
100220
48622
594442
492338
122460
332131
244875
388680
199120
459382
133027
117101
84702
13257
374959
580826
14220
359252
280452
127440
240313
480350
3154
203767
43942
83775
614330
117101
34655
166387
368209
17218
473524
117101
18587
122287
67230
43785
10659
190266
247900
37891
17218
17511
429809
432545
507476
307366
309205
30678
83775
13257
626579
55224
6069
583581
34321
61223
208473
236465
349476
417947
190266
94918
167865
94918
78758
137612
484995
134954
475090
190266
72203
605
529257
496799
552264
72203
214516
524346
85253
349476
237755
133435
257125
154468
116579
63189
168093
236048
143985
134186
568703
471295
143985
66900
523501
68666
18587
28578
569932
220816
78758
357073
344429
55224
257125
70877
96654
429867
228096
278277
534445
429611
264717
99455
350152
64676
321931
220816
44590
30500
247900
435220
417947
429611
70877
321931
309122
511782
17511
131125
127440
18587
30678
134954
20011
119078
53251
309078
13257
387835
8266
267071
552011
27430
297699
141225
61223
420330
153672
70877
80158
2598
52041
24540
48622
96654
620213
251127
257125
36158
366434
44590
164920
184459
134192
552011
70877
161243
79977
267071
87376
43785
199120
43785
48622
279643
62344
502758
87376
282061
16415
251127
300404
283410
11358
160278
13257
10659
85253
580826
3154
62344
391432
413185
522583
147185
80158
74538
131740
539953
307708
84020
223991
3154
344429
119078
55224
401120
133027
388625
280955
10659
20011
380283
321931
68610
24540
123819
323528
96654
431143
173655
416433
456172
52041
260033
82579
105789
283410
39847
195885
18587
37891
20011
3154
99420
32110
91109
360551
11358
420763
134186
261224
38754
134186
16034
63189
89507
6069
-1
43942
349476
344588
24540
32110
282061
43785
181954
147185
3154
79977
561231
307406
228096
115333
236048
340645
544299
431143
309122
95280
145008
475563
3154
245345
442435
338610
115333
1854
8266
496799
236465
44590
456362
534307
78758
38754
68666
432545
43785
95280
61223
99455
44041
399641
117101
6069
141225
18587
115333
88212
6069
401120
14220
52041
3154
580416
147185
584491
475090
228096
145366
2598
70877
154468
72203
449087
327343
164569
33262
34655
235748
83775
24540
197463
127760
240313
74538
153741
88746
30678
535941
489585
55224
16415
263953
438764
476384
36106
87376
134954
68666
350152
145366
475563
177108
29662
79977
87376
545429
284728
251893
68666
267973
269870
368755
16415
427510
320562
28578
244875
44590
489585
167865
173655
502758
52764
67230
154468
38781
539953
247900
236048
380283
117101
91109
515297
83897
127760
24540
89507
209070
123819
90911
476384
62344
89507
8266
263845
154468
44590
87376
87376
456362
134192
76140
368209
94133
105789
263845
312661
89698
456362
13257
37891
33106
580416
18587
44041
368209
100220
30678
417399
166387
553600
398436
44590
3154
33106
269870
30678
14220
496706
121068
127760
274816
321931
260033
134954
83897
344429
251127
130519
10659
214516
-1
513529
247900
1854
263953
17511
338610
154468
74538
502758
14220
223991
18587
79977
61223
24941
432992
303020
279643
190266
501538
297140
38754
321931
326443
627158
127440
63189
48622
84660
263953
309122
223991
257125
235748
145008
580098
88212
480350
306858
17218
44590
173655
127760
257164
36106
44590
20011
411650
52041
83897
340824
338610
137612
3154
119078
34655
-1
70877
269870
43785
605
489585
17511
68666
532758
309122
350152
148561
88212
3154
44590
68666
557087
172307
116384
576515
10659
145008
313648
10659
63189
201670
131125
94133
289839
236048
429490
43785
95280
553600
506966
48622
34655
37891
11358
154468
94133
283410
325285
501571
100407
2598
88212
80158
87376
359036
104305
95280
261203
2598
149383
164569
475563
52041
134192
552264
374959
323528
45602
30500
95280
17218
595152
72203
413185
1854
338610
495851
131740
134850
48622
80158
147185
2598
332131
392247
220816
345791
250211
141225
323528
408129
195885
303020
89507
580416
257125
14220
269870
153741
197463
303020
2598
346335
137167
99455
168656
-1
154468
134954
87376
104305
1854
391432
168093
52041
29662
153741
123819
300900
130519
52799
62344
220449
14220
181954
333699
157195
263953
24540
573822
131740
6069
420330
338610
197935
332131
311376
20011
134186
100407
94918
90911
424933
594442
72203
134186
417832
600457
480291
17511
96654
427510
52764
38754
344588
17218
116384
78758
432545
10659
70877
3154
173655
559206
257164
253251
163245
344588
240313
70877
-1
360551
68666
508016
52764
259866
148561
413185
143985
38754
429867
167865
432992
507476
274144
462033
482626
409094
145366
105789
195885
349681
471295
87376
29662
197935
220816
201670
337025
277434
48622
89698
224968
224968
39847
174246
121068
163312
11358
513529
121068
10659
214516
413185
36158
27430
391534
123819
359036
313648
214516
36106
67230
34655
201670
394150
91109
223991
134186
18587
584491
406452
24540
411312
234495
250211
511782
48622
13257
24941
614727
154468
3154
62344
360551
38754
84660
417947
264717
289121
134192
346335
257125
89698
27430
78758
289121
70877
199120
122460
224968
87376
368755
109360
44041
449087
52041
349681
261224
13257
32110
131740
20011
11358
88746
473227
67230
14884
6069
163010
197935
131740
159907
80158
311376
43785
583952
45816
83897
413185
323528
429611
146393
52041
391432
435220
24941
20011
89698
197935
18587
121068
181954
477930
413991
89507
30500
95280
426586
195885
489585
276932
317588
90489
83775
113413
167865
240956
427510
95280
317588
390938
48622
34655
289121
149579
52764
181954
291040
11358
423965
84702
407953
432992
552011
121068
475563
565057
154893
426586
263845
16415
285273
36158
-1
565845
220449
84660
590270
289121
340824
39847
350152
85253
235748
368524
68666
467010
61223
545865
80158
36158
28578
117101
20011
44590
391432
344588
25158
83897
429611
174583
10659
161243
502758
17218
489585
223991
184459
484995
174246
87376
82579
590690
149261
311376
313648
311376
134954
100220
73045
68666
29576
627158
267071
55956
134192
228096
514198
70877
584491
329194
134954
1854
429490
253251
44041
100931
172307
480291
303020
63189
161243
18587
70877
43785
83775
164041
63189
251127
511782
331712
96654
116384
197098
391432
83897
6069
94133
399641
284728
166387
413185
468623
25158
6069
267695
95280
172307
534044
13257
456362
148561
274144
79977
319568
28578
8266
83775
108333
508016
317588
164920
14220
427510
84702
134192
508124
43942
534307
17218
108333
148561
96654
16034
146393
24540
432545
17218
45597
413991
80158
34655
307708
68610
209070
79977
285582
55956
1854
159907
399641
339226
259866
154468
25158
240313
27430
285273
17218
80158
416433
134186
130519
344588
20011
392602
197463
6069
10659
545865
457231
541851
534445
177108
13257
331345
3154
133027
134850
44590
456362
285582
20011
307708
3154
44590
74538
55224
300404
167865
513807
501571
127760
307406
495717
-1
36158
390806
296154
63189
108333
289839
87376
374959
84702
388831
471295
6069
20011
24941
390945
233989
329194
475090
133027
-1
614330
174583
168093
68666
10659
88746
164920
11358
459382
426586
490166
27430
10659
134192
83775
80158
333699
104305
467010
78758
87376
84660
83897
449087
338610
426586
195885
130519
10659
66900
534044
45602
44590
154468
311376
326443
34655
388680
143985
195307
11358
307406
569512
38781
267973
153672
321931
224968
116384
10659
95280
153043
99455
480291
220816
2598
1854
263845
164041
368209
83897
127760
154468
616854
149261
-1
147185
32110
181954
605753
104305
45816
36158
3154
201670
127760
147185
76140
413185
8266
223991
289121
96654
91109
392602
552011
245345
1854
605
456924
388680
3154
76140
27430
174246
134192
82579
17218
123819
269870
1854
415397
418637
289839
3154
392602
555987
68666
312661
144292
173655
30678
236048
261224
43942
55224
250211
1854
79977
96654
61223
82579
105789
474628
307366
423965
34655
629609
20011
297140
349476
187745
11358
199871
32110
306858
278277
20011
64676
52764
626579
251127
153043
197463
208473
137167
127440
374959
224968
44041
276932
27430
195885
340824
36158
290199
263953
514198
449087
72203
277500
284728
44041
63189
199871
289121
6069
166387
121068
45602
360551
100931
117101
143985
85253
149579
240313
214516
244875
290218
79977
580416
300404
251127
68610
629609
167865
88746
415397
184459
20011
267071
166387
285582
83775
10659
14220
277434
146393
197463
104305
501571
96654
83775
43942
154468
154468
119078
67230
13257
264717
164041
398436
30678
38754
307366
84702
38754
480350
14884
20011
134850
284728
92900
83775
267071
323377
2598
24540
43785
261224
20011
184459
83897
489585
545429
72203
79977
-1
523501
99420
52041
34321
108333
344588
331712
154468
74538
376086
489585
20011
474628
43942
489585
28578
61223
264717
3154
20011
83775
180573
320033
174246
245345
43785
620213
121068
164569
30678
223991
80158
366434
236048
431143
43942
61223
522583
20011
25158
84660
339226
424933
552011
163245
429809
477930
263845
134954
43785
338610
76140
130519
90911
391534
45043
171225
274816
79977
74538
43785
354133
164041
344588
13257
90911
134192
208342
264717
283410
14220
197991
197463
62344
291040
94133
339226
340824
89698
511782
154468
190266
153741
388831
16415
17218
289121
14220
29662
309078
300900
489585
14220
68610
127760
518276
245345
168093
391432
79977
52799
126259
3154
539567
285273
14220
557087
149925
235748
244875
74538
429867
216744
473524
94918
44041
267964
85253
181954
264717
20011
143985
44041
34655
595152
184459
569512
62344
95280
160278
290218
121068
88212
55224
78758
429809
389607
43785
282061
475090
388625
319568
34655
17218
283410
96654
507476
90911
68610
282061
267071
44041
79977
432545
487486
13257
480350
263845
95280
28578
407953
396781
